Mean: 0.8523561584949494
Std: 0.05144397068043329
