Mean: 0.6635428708791733
Std: 0.08222583418676552
