Mean: 0.8096846973896027
Std: 0.09424488485993365
