Mean: 0.8569065320491791
Std: 0.06925304639638453
