Mean: 0.8778698682785034
Std: 0.08078535854974077
