Mean: 0.828379967212677
Std: 0.07988620131233101
