Mean: 0.6888524055480957
Std: 0.08808360370073721
