Mean: 0.7984597563743592
Std: 0.07962776086487706
