Mean: 0.6573354190587998
Std: 0.10394913671926488
