Mean: 0.8408729755878448
Std: 0.06962988514228471
