Mean: 0.7406782793998719
Std: 0.08761441284360477
