Mean: 0.7959636574983597
Std: 0.09874565645828327
