Mean: 0.854787300825119
Std: 0.06395202566911071
