Mean: 0.8616512835025787
Std: 0.08093202841356119
