Mean: 0.8779726660251618
Std: 0.08197816203650116
