Mean: 0.8089262533187866
Std: 0.10070098161521192
