Mean: 0.6812342393398285
Std: 0.07330160252184889
