Mean: 0.883281409740448
Std: 0.0731906505746872
